#Weights for Beta densities from initial fitting w/o bootstrap
0.000000000000000000e+00
0.000000000000000000e+00
0.000000000000000000e+00
0.000000000000000000e+00
0.000000000000000000e+00
0.000000000000000000e+00
0.000000000000000000e+00
0.000000000000000000e+00
0.000000000000000000e+00
0.000000000000000000e+00
0.000000000000000000e+00
0.000000000000000000e+00
0.000000000000000000e+00
0.000000000000000000e+00
0.000000000000000000e+00
0.000000000000000000e+00
0.000000000000000000e+00
0.000000000000000000e+00
0.000000000000000000e+00
0.000000000000000000e+00
0.000000000000000000e+00
0.000000000000000000e+00
0.000000000000000000e+00
0.000000000000000000e+00
0.000000000000000000e+00
0.000000000000000000e+00
0.000000000000000000e+00
0.000000000000000000e+00
0.000000000000000000e+00
0.000000000000000000e+00
1.785198200562627610e-02
5.450788755937680240e-06
9.816207591675821367e-11
2.553343782181312916e-16
5.548413906243774685e-22
7.349163478444137066e-26
3.256089841344935463e-27
7.153829465240298403e-28
6.484985720506694680e-29
1.473527645730674686e-30
8.307269736022627665e-33
1.246001497267046702e-35
5.367780260556104377e-39
7.135794502659622822e-43
3.119092931097613061e-47
4.712165877479741244e-52
2.529726173893361258e-57
4.805061319942200488e-63
3.089214435469417346e-69
6.161017427576214242e-76
3.353221920760251010e-83
4.218205394582938307e-91
9.976930093661274254e-100
3.177010180033659845e-109
1.828688344924002872e-119
1.521111691450364930e-131
2.706815292630311281e-144
0.000000000000000000e+00
0.000000000000000000e+00
1.012037618575478736e-03
3.266084570097812706e-07
8.973996047287082328e-12
2.859157983862147097e-16
1.792610765820268560e-18
2.197667900845423212e-18
4.542098029575428501e-18
2.520982271552394940e-18
2.954956379582062830e-19
7.805402382951249665e-21
5.139284482252420467e-23
9.286760963371336365e-26
5.027880434176923880e-29
8.821872607060708075e-33
5.355659584767065591e-37
1.176346283955960883e-41
9.480903147662458296e-47
2.735812150741558728e-52
2.645558382736653806e-58
7.720443284578587035e-65
5.925857574162140542e-72
1.013155247503961782e-79
3.167092945107516091e-88
1.342922070087980671e-97
9.244781715403208041e-108
1.122726043763494287e-119
4.478316933805099564e-132
0.000000000000000000e+00
0.000000000000000000e+00
2.542603568533658645e-07
1.223249574022110242e-10
4.516366306881971121e-14
4.959198053306923214e-15
9.217524863153591547e-14
1.741247008623527080e-12
6.602166463715629057e-12
4.457155614826131095e-12
6.034786529115550896e-13
1.871204814601251832e-14
1.496909233854607483e-16
3.436286219618203153e-19
2.489587198915280230e-22
6.176357392528159634e-26
5.577749132221800703e-30
1.891736289018697233e-34
2.392700033041061053e-39
1.075463561139227839e-44
1.576662456368317292e-50
6.717038345606104259e-57
7.246894323660381803e-64
1.693606910086829547e-71
7.179513041455228708e-80
4.300526463950572241e-89
3.989269389611503023e-99
9.083022710430250373e-111
1.113325334004101764e-122
0.000000000000000000e+00
0.000000000000000000e+00
2.977463672081997421e-12
1.357973087046957431e-14
1.383197728730228196e-14
3.511115058636650187e-12
7.329779962012750586e-10
2.305350677532218886e-08
1.046405585596549194e-07
8.186330089101042099e-08
1.312021260727504617e-08
4.997486203818193438e-10
5.149197360731409093e-12
1.609513758793897339e-14
1.685444147419313887e-17
6.392563493789792206e-21
9.209950108862455565e-25
5.085441954729337059e-29
1.041568667945560186e-33
7.378877503201390187e-39
1.640102913158649006e-44
1.019360249481639250e-50
1.562662123180191554e-57
5.175327262137947132e-65
3.219472948689740320e-73
3.144460606546739069e-82
5.048272626053435082e-92
3.283714850294425307e-103
1.565024735499539909e-114
0.000000000000000000e+00
0.000000000000000000e+00
1.367367826490197704e-17
8.045343019204543076e-17
2.825349349937557154e-13
9.032375846572757776e-10
3.119629645779706030e-07
1.175245676656130311e-05
6.227028286381442823e-05
5.829303492015769334e-05
1.163610946186844655e-05
5.808059220987611842e-07
8.326915765814862322e-09
3.864782603165504107e-11
6.392802009639987725e-14
4.017476776021540798e-17
9.821755314614080449e-21
9.164562843106224396e-25
3.084908183084787911e-29
3.449489324770492998e-34
1.163572277528644376e-39
1.070945580392376664e-45
2.439749376124742341e-52
1.257729634165947412e-59
1.355459430572582722e-67
2.789206938174616503e-76
1.118945639212664188e-85
3.194124611680478912e-96
5.519652878295057229e-107
0.000000000000000000e+00
0.000000000000000000e+00
1.502560989378755734e-21
5.674849978183345049e-17
4.315783577935073555e-12
2.442906886660895573e-08
1.022530519837972462e-05
4.544097329190496890e-04
2.920173792290353416e-03
3.463477556058635297e-03
9.256264449908254690e-04
6.602945515690641486e-05
1.452433579067860894e-06
1.106877526808308475e-08
3.168540721926645898e-11
3.537862267763726544e-14
1.530050214492554900e-17
2.450979237764214026e-21
1.356753407397421047e-25
2.395853071907329348e-30
1.247503186858514238e-35
1.788869849116528942e-41
6.717108574779220219e-48
6.427231797272332455e-55
1.553733749324514889e-62
9.205872691450994141e-71
1.257886334635335589e-79
1.763181970404399900e-89
7.704193518293026153e-100
0.000000000000000000e+00
0.000000000000000000e+00
3.161473729243869315e-23
7.022426310180700302e-17
1.125666811250179861e-11
7.916699897303835212e-08
3.964813420027191821e-05
2.173444830532483569e-03
1.807714971457682548e-02
2.947943122401758959e-02
1.163463548614656305e-02
1.324476298667829829e-03
5.005008942266189227e-05
6.932379560800968411e-07
3.705264739966589870e-09
7.672567134253188722e-12
5.947449679232187575e-15
1.629290982939515545e-18
1.478239030215649608e-22
4.186621775849576056e-27
3.544828818363957946e-32
8.805465950831727667e-38
6.484305116277449730e-44
1.462726467234767812e-50
1.031349629943298171e-57
2.119730625137293903e-65
1.012914088915578745e-73
5.265901268037916130e-83
3.951810428957400858e-93
0.000000000000000000e+00
0.000000000000000000e+00
3.584033865899301724e-24
2.311189291046388032e-17
4.810678314919854773e-12
4.125291718010194434e-08
2.603933255524333511e-05
1.897748028707827665e-03
2.243198583061514761e-02
5.622208312336311048e-02
3.710117462037508529e-02
7.641053077575601406e-03
5.536785586426214677e-04
1.507375538651854695e-05
1.564354588807317341e-07
6.038640567161490230e-10
8.279867082323897398e-13
3.834401898602069351e-16
5.756739772135433829e-20
2.743602751033462157e-24
4.179063848692288081e-29
2.112546432172324413e-34
3.755612045645907637e-40
2.446785739183632560e-46
5.604950561630470135e-53
3.717622208783834769e-60
4.908479184564273938e-68
6.318854679146754717e-77
6.462795215616064073e-87
0.000000000000000000e+00
0.000000000000000000e+00
1.866332846563843510e-25
1.603432463697219720e-18
4.143162134059487453e-13
4.598185799766872095e-09
3.992843809104492643e-06
4.310329989441089938e-04
8.219443583956400484e-03
3.637501711872027921e-02
4.600486571137969716e-02
1.921966592563572815e-02
2.877907448495235169e-03
1.584773416405890496e-04
3.164386738925051564e-06
2.214769970489352714e-08
5.244430030979600876e-11
4.105300559842708796e-14
1.061374806440802047e-17
9.320302720173909258e-22
2.944346244353044661e-26
3.599799361511064942e-31
1.792631205961791876e-36
3.535562964887681530e-42
2.360809691957035803e-48
3.951113326468531575e-55
1.078216093721195053e-62
2.535374712504029291e-71
3.272140094039412180e-81
0.000000000000000000e+00
0.000000000000000000e+00
2.732958363384572896e-27
2.690586209251654963e-20
9.157651612885696306e-15
1.457346315579110813e-10
1.974229455860730739e-07
3.646195357683873646e-05
1.307217503458216364e-03
1.179981305575586621e-02
3.201755944671793447e-02
2.890915116699166801e-02
9.038299838450896892e-03
9.773036993082492244e-04
3.584339248422877428e-05
4.375482637624559094e-07
1.769121377115741696e-09
2.412538964158548771e-12
1.162153952953245397e-15
2.126176937032111586e-19
1.604226795719648134e-23
5.278574529188027100e-28
7.429497638642110909e-33
3.928051617974426646e-38
6.122161659875464660e-44
2.014800121940320325e-50
9.266362508146909783e-58
3.408365750742951100e-66
5.685480427237880753e-76
0.000000000000000000e+00
0.000000000000000000e+00
1.225136850659449891e-29
1.356625373198940063e-22
6.788035282786923272e-17
1.791882225463773983e-12
4.456974265506250707e-09
1.661803451921046305e-06
1.296751382711707932e-04
2.645973145648788417e-03
1.607869718301405820e-02
3.089925177867254222e-02
1.909992113682858206e-02
3.794075554165882505e-03
2.423269848331897815e-04
5.050619797984419259e-06
3.564783059089232282e-08
9.073970042612591461e-11
9.066854812438486404e-14
3.886902443151434079e-17
7.580145828762515057e-21
6.641499865936161436e-25
2.346241229235540302e-29
2.740195034469648505e-34
8.122595383746286568e-40
4.471947856869536684e-46
3.161429896711758408e-53
1.751213036612980571e-61
4.088714873854374383e-71
0.000000000000000000e+00
0.000000000000000000e+00
2.126773301619980127e-32
2.681923544088218752e-25
2.300191229296263049e-19
1.206686304546468173e-14
6.558853542826179300e-11
5.682658446495804660e-08
1.048529148552827215e-05
4.903471095732717068e-04
6.372580131237962422e-03
2.404989998442099569e-02
2.700167634650009474e-02
9.240483072092997227e-03
1.000164429784065759e-03
3.624416331902809504e-05
4.760077508645154719e-07
2.493912551535069487e-09
5.727440684155281129e-12
6.126708107734966619e-15
3.032982903786716608e-18
6.349335703375626033e-22
4.770934278151709030e-26
1.040158150485560446e-30
5.164751470641234188e-36
4.450851612062382051e-42
4.800117623386635335e-49
4.125929885944017864e-57
1.480081414857031654e-66
0.000000000000000000e+00
0.000000000000000000e+00
1.996671876322408166e-35
2.872234476948153951e-28
5.027147423681795418e-22
6.237786804745733141e-17
8.394020997726515880e-13
1.781955472194890048e-09
7.608539555770250360e-07
7.543469671722340694e-05
1.890859260751324772e-03
1.270912897907194687e-02
2.418217741414046412e-02
1.387029301536951177e-02
2.594641547333855283e-03
1.742997150761646150e-04
4.680535494958601290e-06
5.549712486251292144e-08
3.094038881679551536e-10
8.101647417517315338e-13
9.243511116806716291e-16
4.010983889645072754e-19
5.569413397290752891e-23
2.045210512857073538e-27
1.617737755296290685e-32
2.179738983904834790e-38
3.710673238933815245e-45
5.184429392232502580e-53
3.045351108129413412e-62
0.000000000000000000e+00
0.000000000000000000e+00
1.625868692789289301e-38
2.400553195895317045e-31
9.693301340417669359e-25
3.119631832096104068e-19
1.053860600993759184e-14
5.164815147882237965e-11
4.587673217621360601e-08
8.556989969417799758e-06
3.731720975750969934e-04
4.176085624038159208e-03
1.317708807739305203e-02
1.300627378466578249e-02
4.505984024704696826e-03
6.173575846015538163e-04
3.715859945427734675e-05
1.048744792476691586e-06
1.393001756327305042e-08
8.182669134965961007e-11
1.898585733908294694e-13
1.511761559573098259e-16
3.552216131354385727e-20
2.105003031653256438e-24
2.646159210111355611e-29
5.710247831538910947e-35
1.585108806243188811e-41
3.676405710849876590e-49
3.568855829870981577e-58
0.000000000000000000e+00
0.000000000000000000e+00
2.137025988130783029e-41
2.192881602648144402e-34
1.960382647326477902e-27
1.563382786964086650e-21
1.201106729700741971e-16
1.194657599968024813e-12
1.943883287106770047e-09
6.168697915010536318e-07
4.412662474393528613e-05
8.134060633108224298e-04
4.418201394184965991e-03
8.111004641251248065e-03
5.749176403591398088e-03
1.759365580259047122e-03
2.487670817730320834e-04
1.638274609657537699e-05
4.774443702276399879e-07
5.607495909263215444e-09
2.367842157908421729e-11
3.190608703909232154e-14
1.216179048808527627e-17
1.152554106070413630e-21
2.327067214796657015e-26
8.153123227415559666e-32
3.697257198996614754e-38
1.394413723936691896e-45
2.153672463796628863e-54
0.000000000000000000e+00
0.000000000000000000e+00
7.865352482316518603e-44
2.679174796176633620e-37
4.035655918183225780e-30
6.773328123799690534e-24
1.019433514219887231e-18
1.810400750748538533e-14
4.923716232324474730e-11
2.539982139082309131e-08
2.992054676346841387e-06
9.560792436750497887e-05
9.763599297330636433e-04
3.701132560705743760e-03
5.870379833556110642e-03
4.183268350391780230e-03
1.355901483585952600e-03
1.918351081981922496e-04
1.097461825271881975e-05
2.316843178082428720e-07
1.644738224501696785e-09
3.583926480686459626e-12
2.178061535290927421e-15
3.295040182927303166e-19
1.067855368575793662e-23
6.005910897978311572e-29
4.326647810628719972e-35
2.541797639638675977e-42
5.974992567408144730e-51
0.000000000000000000e+00
0.000000000000000000e+00
8.349443649024822197e-46
4.377102875590188757e-40
7.066391562866621962e-33
2.026440647221378853e-26
5.234171586815880025e-21
1.531074254676547230e-16
6.755056562165735356e-13
5.781493934894852845e-10
1.197929863403116810e-07
7.325018328166315507e-06
1.567640048377270533e-04
1.337358887774973189e-03
4.906328924406551904e-03
7.875856032694349487e-03
5.361533716050898186e-03
1.456819310473861937e-03
1.471664289163982279e-04
5.154110564430807854e-06
5.855327400908490111e-08
2.014227927909529163e-10
1.932331178711130095e-13
4.629652077387545040e-17
2.372319287372406670e-21
2.088353362857044567e-26
2.316696231200799439e-32
2.069153345450882468e-39
7.474271929191434440e-48
0.000000000000000000e+00
0.000000000000000000e+00
1.425518241520766161e-47
7.993377001158262234e-43
8.460214113733939305e-36
3.423808665496845268e-29
1.400984066618923140e-23
6.641467195642180451e-19
4.929833854464129919e-15
7.585523355101979426e-12
3.080746810724359366e-09
4.024321314646112155e-07
1.953279313990210553e-05
3.827864356895385148e-04
3.103007596579452580e-03
1.019590646337365132e-02
1.298690206617482759e-02
6.090858760957446570e-03
1.002007141170580288e-03
5.531818431956717877e-05
9.795116197274503288e-07
5.259784738486720869e-09
7.916724784274717933e-12
2.980467153845879350e-15
2.388999355107549330e-19
3.266619891957765954e-24
5.636603024199046594e-30
8.095863931731274874e-37
5.313462881223340919e-45
0.000000000000000000e+00
0.000000000000000000e+00
1.833654768437966720e-49
1.229307242181186345e-45
5.768242236867613536e-39
2.862337172374375026e-32
1.825198362600031941e-26
1.471987560223968462e-21
2.016379130564208725e-17
6.257820940717990645e-14
5.548984547567997083e-11
1.656723130669535009e-08
1.830855775033076740e-06
7.752567493045417729e-05
1.249334715863930148e-03
7.456656397503444098e-03
1.597279177430655991e-02
1.194688218629245957e-02
3.049776032242627107e-03
2.596544840898131618e-04
7.140408402116362050e-06
6.025317665918910427e-08
1.439731698898613176e-10
8.664101135245388740e-14
1.119041653804218604e-17
2.519462591560068065e-22
7.609591880155324953e-28
2.247154923508453708e-34
4.579887333004928853e-42
0.000000000000000000e+00
0.000000000000000000e+00
9.964655302347512109e-52
1.163217843103443864e-48
1.966570779189663860e-42
1.116128322464997000e-35
1.163240207893246242e-29
1.764140349825393382e-24
5.017730236055757983e-20
3.474874811436722608e-16
7.082949475739859264e-13
4.756185250122866335e-10
1.106666533506854238e-07
9.021620530782782836e-06
2.559102407211349549e-04
2.501583215508574893e-03
8.381504005988565237e-03
9.618430735641371465e-03
3.778377453174270543e-03
5.038497856499796505e-04
2.223799809274006265e-05
3.088343151136627447e-07
1.244425602644558929e-09
1.299467119800183809e-12
3.050170296419630700e-16
1.366972342830233959e-20
9.984186576948514810e-26
1.098086781546372417e-31
2.046773006349954179e-38
0.000000000000000000e+00
0.000000000000000000e+00
1.673421179400150301e-54
5.168800890022523756e-52
3.085426991398867313e-46
2.027051804437855609e-39
3.811388084732887344e-33
1.221119029042626793e-27
7.887967910736161252e-23
1.257774822986825896e-18
5.672324212392820892e-15
7.790597035886817517e-12
3.375311814192549630e-09
4.697411785890719297e-07
2.132401029165025412e-05
3.218719888657885111e-04
1.653990164313802512e-03
2.963213374569582514e-03
1.882061624017989602e-03
4.241156779545438775e-04
3.314237564604451884e-05
8.539480607127573112e-07
6.720442125734717394e-09
1.468598171974362201e-11
8.073930954282727094e-15
1.043163920153094435e-18
3.296573716509339972e-23
3.319116635629808154e-28
1.510613365262458224e-33
0.000000000000000000e+00
0.000000000000000000e+00
1.053474170519105248e-57
1.098630251712502621e-55
2.265740386154128787e-50
1.778202532300401618e-43
6.663197288121439170e-37
4.849596618695751654e-31
7.172339706570570224e-26
2.478074395747755126e-21
2.216323452182778295e-17
5.488276844649474438e-14
3.954654611175620906e-11
8.678709904263621070e-09
6.087087387886345028e-07
1.437111209370326696e-05
1.202833157800966787e-04
3.730736609278383618e-04
4.406518315939417858e-04
1.985695291562344846e-04
3.322935914885008767e-05
1.959933920128226687e-06
3.812173021265113738e-08
2.298164634021950868e-10
4.191003525486659505e-13
2.495123531588879420e-16
6.302675287163452591e-20
9.865590595017709958e-24
8.381322629145531940e-28
0.000000000000000000e+00
0.000000000000000000e+00
2.415055607758744481e-60
5.801728148297285990e-59
1.497611517796365066e-54
8.741957086751657391e-48
6.043724107366192201e-41
9.550461974933023253e-35
2.958204574952150807e-29
1.961234961162532114e-24
3.074956777989906853e-20
1.245878265429552719e-16
1.417839021227710355e-13
4.930117704897837991e-11
5.711186398103469753e-09
2.399357631154258671e-07
3.936386389656374072e-06
2.653837622720262653e-05
7.485807132738255204e-05
8.681470425815109027e-05
3.956897441656665197e-05
6.696061515827034060e-06
4.011980620157674424e-07
8.428339838548909708e-09
6.673536774831501706e-11
2.459821793767113954e-13
5.849413738964271230e-16
9.922791005474831273e-19
5.724568734675853246e-22
0.000000000000000000e+00
0.000000000000000000e+00
4.307756845425144706e-60
1.513434986045179379e-59
2.876732727669786209e-57
6.407060858805046896e-52
2.978280582352925668e-45
7.340724017236203416e-39
3.971307310234574046e-33
4.457583156595344156e-28
1.141616698230144468e-23
7.541481200763260557e-20
1.460597890436906120e-16
9.437467108571871563e-14
2.297692384370725338e-11
2.329374830867415919e-09
1.045472830300499734e-07
2.105140951707662541e-06
1.846069378359817395e-05
6.668047506019675243e-05
9.352867152020252512e-05
4.886498282974252263e-05
9.470417367911140630e-06
7.231026966101228568e-07
2.552496286819667397e-08
5.414708550417346494e-10
8.436932337089048568e-12
7.447890550225202747e-14
1.324597804204140783e-16
0.000000000000000000e+00
0.000000000000000000e+00
1.237922658799387971e-57
1.941856371339511098e-57
9.167553922951485113e-57
2.382541519578373817e-54
2.192001677855186011e-49
2.269964301978010871e-43
1.425426950471617689e-37
2.455790820047837997e-32
1.096238919182922197e-27
1.440588007753502553e-23
6.547024557768576718e-20
1.191323905396203404e-16
9.585867803676599789e-14
3.539314997048166816e-11
5.863419123315378165e-09
4.108430097219306820e-07
1.138810112477217611e-05
1.182466225433688039e-04
4.476170151668245364e-04
6.228044411523716000e-04
3.368293154697676829e-04
8.013808662493404351e-05
1.029875229576972831e-05
8.967278562406947500e-07
5.395839626157519549e-08
1.371622687421836906e-09
4.833650933485504921e-12
0.000000000000000000e+00
0.000000000000000000e+00
1.667970891476911663e-55
2.255916005149705121e-55
4.162151427799385805e-55
2.529023409141174728e-54
4.952114520954936965e-52
1.103122948530878024e-47
2.507753330397978013e-42
5.783476258787436774e-37
6.149191337115733003e-32
2.720977624508529049e-27
5.214755546727828498e-23
4.412508975040808094e-19
1.587923201409724602e-15
2.272221161396230921e-12
1.204349361855115608e-09
2.241711942763463702e-07
1.428067628711378403e-05
3.110855892804392309e-04
2.384696144068453299e-03
6.825038263968212157e-03
8.063244243027525848e-03
4.600554249954836965e-03
1.560533794576325324e-03
3.698563794187695189e-04
5.453564319791708595e-05
2.725396538979782625e-06
1.496564841929049070e-08
0.000000000000000000e+00
0.000000000000000000e+00
9.206613897935968052e-55
1.216801837125428390e-54
1.902413052185651149e-54
4.568983101460002485e-54
4.160054566595522736e-53
1.028204119169810120e-50
1.907090626512735016e-46
4.425261124324485948e-41
1.591768911951237386e-35
3.454591881387537550e-30
3.152909333177940885e-25
1.029595724095047346e-20
1.095497930980913880e-16
3.633030662915073212e-13
3.700293262877537489e-10
1.168221440007198639e-07
1.179352299190862061e-05
3.976074094786566739e-04
4.769731816709001787e-03
2.211860600504870350e-02
4.444303025982038885e-02
4.543065170319775248e-02
2.872563297064729265e-02
1.265990825370676490e-02
3.234412267544630425e-03
2.475750386821090978e-04
1.829724890581957698e-06
0.000000000000000000e+00
0.000000000000000000e+00
0.000000000000000000e+00
0.000000000000000000e+00
0.000000000000000000e+00
0.000000000000000000e+00
0.000000000000000000e+00
0.000000000000000000e+00
0.000000000000000000e+00
0.000000000000000000e+00
0.000000000000000000e+00
0.000000000000000000e+00
0.000000000000000000e+00
0.000000000000000000e+00
0.000000000000000000e+00
0.000000000000000000e+00
0.000000000000000000e+00
0.000000000000000000e+00
0.000000000000000000e+00
0.000000000000000000e+00
0.000000000000000000e+00
0.000000000000000000e+00
0.000000000000000000e+00
0.000000000000000000e+00
0.000000000000000000e+00
0.000000000000000000e+00
0.000000000000000000e+00
0.000000000000000000e+00
0.000000000000000000e+00
0.000000000000000000e+00
